38 31 30 28 50 4 | 17 22 16 3 4 9 | 12 20 46 34 3 2 8 | 21 7 | 26 41 | 11 19 28 7 16 | 33 5 | 18 3 39 7 50 | 39 45 | 49 | 24
46 30 29 23 | 27 29 40 | 15 17 22 23 | 9 1 29 10 | 24 17 7 | 24 1 39 50 | 12 16 46 50 43 3 6 | 11 39 20 16 41 1 34 | 48 | 2 40 | 39 17 31 28 41 8 | 44 49 34 | 49 | 24 9 3 40 | 8 31 28 40 49 | 47 31 37 50 34
18 2 28 45 6 | 33 43 7 35 14 | 25 38 21 33 2 8 | 3 50 17 16 | 21 6 | 34 36 4 22 6 | 19 32 38 | 23 | 18 39 16 | 18 45 28 25 | 25 21 16 | 33 24 6 | 12 14 22 28 50 5 | 26 22 18 31 37 4 7
25 40 41 | 13 45 37 26 7 | 11 25 27 15 33 32 6 | 14 | 32 31 36 8 6
10 31 38 42 25 | 31 | 25 2 37 36 | 46 8 30 29 | 6 12 20 25 49
37 29 6 | 15 47 12 5 17 | 32 2 | 24 11 30 36 41 | 19 | 10 12 48 41 | 32 12 37 29 34 | 24 3 12 45 48 | 26 | 24 25 9 28 | 20 49 42 37 4 | 13 | 10 20 6 | 10 26 45 27 | 31 | 8 41 40 34
4 17 | 18 13 | 21 16 19 43 40 50 9 | 25 16 32 44 49 2 5 | 9 24 3 45 4 | 1 29 22 7 | 25 | 26 | 20 30 5 36 35 | 1 37 27 20 22 | 3 20 39 | 49 | 27 42 37 29 2 12 | 24 28 | 44 | 15 33 18 42 34 4 28
12 38 | 33 25 29 | 14 | 39 12 44 42 36 26 | 26 35 40 16 | 30 7 48 | 46 32 45 42 11 | 44 22 | 46 10 27 17 40 | 19 45 37 50 | 46 1 39 45 29 | 33 16 | 17 48 33 43 34 46 | 13 37 41 | 9 2 6 | 46 23 5 35 41 | 9 5 20 25
21 48 47 44 40 8 | 39 31 28 22 17 | 9 28 | 11 18 7 40 6 | 11 8 13 41 | 15 48 | 26 35 | 33 38 42 7 | 9 8 1 25 | 1 38 | 18 42 | 25 13 14 28 35 41
47 | 20 23 18 16 29 9 | 25 5 | 19 18 50 22 | 20 50 | 18 45 4 | 46 | 25 16 20 41
11 32 23 | 20 14 | 27 48 34 | 17 | 17 15 29 7 | 39 43 40 36 5 41 | 24 33 17 48 | 46 10
47 29 48 14 | 46 17 | 43 | 19 10 12 17 49 | 18 27 14 40 29 | 10 20 1 3 2 4 9 | 19 27 38 9 16 | 11 1 48 | 24 20 14 49 45 50 | 2 43 48 6 | 46 40 49 | 11 25 14 16 30 29 41 | 18 36 | 10 12 16 | 17 22 47 28 35 7 21 | 22 35 | 31 35 | 25 50 40 | 24 10 26 45 37 | 44 49 15 16
11 43 23 | 28 | 29 6 | 46 40 | 42 28 4 32 | 10 23 33 47 31 4 | 13 12 23 33 42 43 40 | 48 16 | 15 8 38 5 48 | 44 3 | 11 22 23 28 1 4 | 9 39 2 30 | 3 14 48
4 7 14 | 23 13 12 16 | 38 30 34 27 2 7 | 11 48 46 32 30 3 | 45 23 | 8 3 36 | 11 50 40 41 3 2 | 10 31 20 35 | 35 3 17 48 32 | 15 21 | 32 39 37 35 | 26 42 21 7 | 46 42 36 6 | 27 | 12 14 22 44 30 40 4 | 35 20 29 17 43 | 3 13 29 48 | 41 21 16
17 34 | 46 48 | 46 38 | 16 23 30 3 5 7 | 18 | 32 31 45 43 29 7 41 | 20 | 26 | 8 13 36 49 | 9 22
1 30 5 49 | 47 35 | 11 33 37 47 | 24 18 13 20 | 9 | 13 29 7 | 11 15 49 46 18 29 2 | 31 44 27 14 48 | 11 30 37 4 | 21 17 | 30 | 13 31 | 38 20 21 22 47 3 | 19 18 12 5 14 | 9 2 12 21 16
14 33 47 43 35 41 | 46 32 39 43 47 | 13 29 | 12 42 22 | 11 47 35 4 22 | 9 18 15 6 | 47 4 | 21 17 16 18 45 37 9 | 44 4 | 3 27 17 | 22 48 45 42 40 9 | 15 | 25 13 27 14 46 19 | 11 44 42 | 18 31 42 37
26 21 39 31 37 13 | 33 5 35 | 46 8 50 18 | 32 31 12 50 38 | 27 14 22 23 46 19 | 19 13 38 49 | 38 21 22 23 29 4 | 11 25 30 37 40 4 | 33 2 | 3
31 50 | 35 43 48 41 | 21 | 10 15 49 30 1 3 5 | 34 | 46 8 41 | 24 12 30 17 | 32 38 37 49 | 13 16 32 30 37 4 8 | 46 4 | 1 | 47 | 20 23 47 44 29 6 8 | 39 20 48 50 40 2 35 | 11 32 21 17 16 | 10 30 | 27 | 46 28 43 29 2 36
9 | 10 2 14 | 25 26 18 23 | 32 2 28 21 | 33 11 | 24 25 12 14 30 | 18 22 7 34 | 36 49 | 12 43 22 36 | 12 15 22 43 29 2 9 | 20 21 14 41 | 1 19 9 49 | 27 32 45 50 29 9 | 22 43 7 | 18 44 38 3 47
33 32 12 30 44 | 26 30 29 40 | 46 1 39 2 35 | 26 22 17 47 45 13 36 | 15 23 | 1 25 29 40 23 | 10 39 15 44 30 40 7
33 47 2 30 | 26 14 22 46 44 37 | 8 | 1 38 23 16 | 31 12 5 13 4 | 16 | 33 19 27 | 24 27 45 19 | 18 3 45 20 4 | 46 27 43 | 32 49 35 22 18 | 45 | 33 35 31 43 22 | 8 5 14 40
13 50 21 44 | 5 29 | 14 17 | 24 18 5 21 20 | 33 32 42
10 15 14 49 46 50 | 28 16 | 25 26 38 48 45 39 | 20 19 18 30 28 40 4 | 6 | 46 26 28 40 23 | 6 35 23 | 11 18 26 41
10 26 32 43 4 9 | 13 12 23 33 28 36 9 | 10 | 37 32 28 36 16 | 31 49 37 4 50 | 46 26 | 36 | 46 47 14 48 41 | 11 25 22 42 43 1 6 | 11 8 31 12 16 | 33 37 36 40 16 | 39 | 39 38 15 21 49 18 41 | 44 26 13 39 | 22 33 31 30 40 6 | 24 10 14 40 23 | 47 15 | 24 26 49 30 28 39 | 24 1 43 40 36
6 | 25 | 32 41 16 | 13 | 17 | 19 12 28 14 | 25 39 12 45 41 4 8 | 27 16 | 15 | 31 45 50 | 21 16 32 45 2 9 | 38 48 19 42 7 6 | 33 10 45 21 | 13 21
25 31 42 20 4 | 39 | 3 | 45 37 21 22 | 10 12 49 33 46 6 | 32 | 18 4 27 21 8 | 15 43 50 34 5 4 9 | 11 20 44 50 9 15 | 24 15 22 23 44 45
46 27 45 7 | 33 12 15 40 6 | 47 29 48 | 10 2 5 18 | 14 45 43 29 3 8 | 2 40 | 31 45 4 30 | 32 44 40 35 6 | 37 2 20 35 | 12 | 31 28 17 | 33 15 23 | 42 | 12 47 40 41 6 9
25 21 6 | 39 49 32 40 41 3 47 | 32 50 | 42 27 28 43 | 35 23 | 10 13 50 22 | 18 26 23 22 16 | 36 30 40 22 34 | 32 50 7 36 | 20 | 11 32 44 36 50 4 | 46 24 23 14 43
32 28 21 17 43 | 27 | 19 14 | 49 | 14 48 16 | 25 12 30 35 34 5 | 21 | 2 14 17 30 | 1 9 13 2 6 | 46 7 16 | 11 15 33 40 4 7 | 35 48 | 49 23 | 45 12 50 35 | 12 14 22 16 32 23 | 39 28 40 3 2 7 6 | 49 | 19 3 15 | 25 30 48
6 14 43 | 19 47 | 47 5 42 43 16 | 26 | 27 47 45 35 2 5 | 13 29 22 21 | 24 10 26 21 34 | 34 | 36 | 46 4 | 44 2 | 25 28 8 | 46 13 16 | 14 | 2 | 11 12 20 23 32 2 | 11 47 | 32 27 14 21 29
11 10 48 28 29 34 | 33 11 20 23 | 47 13 20 43 14 | 8 13 50 | 47 39 37 14 | 2 | 47 2 43 | 24 9 39 48 | 37 40 | 39 22 33 18 31 9 | 26 2 39 34 | 30 45 29 34 7 8 | 35 | 9 20 49 | 13 50 43 | 16 4 49 | 8 26 37 40 | 8 13 21 7 49 | 36 | 11 9 15 4
30 14 6 | 19 12 28 | 46 48 | 1 34 48 6 | 20 14 22 23 43 4 6
44 37 | 8 5 41 | 1 9 31 20 | 33 45 6 | 20 44 30 50 5 4 | 18 23 | 12 36 40 16 | 24 37 22 | 19 37 42 7 | 10 37 14 | 24 50 | 46 28 3 5 23 | 32 39 3
19 11 | 19 21 23 | 31 39 29
50 23 | 50 | 13 20 21 33 43 36 | 5 | 10 22 18 28 29 5 | 38 42 22 49 | 4 | 10 44 45 50 41 4 | 11 2 43 50 | 25 26 38 45 35 5 4
2 | 24 11 4 | 34 | 22 46 30 36 35 33 | 19 26 13 | 24 20 31 37 34 1 7 | 39 17 41 | 36 | 13 27 20 45 34 1 15 | 13 49 32 31 42 35 4 | 44 15 50 17 36 | 26 37 4 17 34 | 1 34 36 22 16 | 25 12 20 23 37 41 15 | 27 45 14 8 | 19 18 31 22 6 | 27 38 15 36 22 | 8 37 14 | 33 | 50
9 25 | 11 39 45 | 1 33 31 44 48 | 1 | 19 18 30 36 23 | 31 21 | 37 | 47 42 36 | 50 34 | 32 15 35 | 10 45 29 | 20 17 37 50 5 8 | 10 14 16 47 42 34 | 24 20 21 6 | 48 46 30 28 1 9 | 10 26 17 48 44 29 9 | 39 14 18 45 42 41
11 31 | 33 30 42 29 35 | 18 20 29 48 49 | 10 20 16 33 32 2 5 | 10 37 28 50 3 5 18 | 9 32 15 43 40 | 49 | 32 30 40 34
9 31 27 15 34 | 12 40 | 46 48 | 14 48 30 42 29 9 | 33 27 42 43 36 | 7 | 38 20 17 22 35 4 | 15 43 48 | 26 36 | 22 33 44 37 36 1
