0 0 1 5
12 13 12 13
0 1 0 5
378 1913 6479 -4182
9775 6572 9775 -3980
7714 -8624 -4741 -8624
-6751 5888 -6751 8806
-1279 7457 -1279 4021
-8527 -4513 -8527 5015
-5878 -4226 -5878 -4226
-9127 6608 8932 6608
5068 7327 5068 -3464
7757 1367 7757 1367
1718 -7133 1718 -7133
-8545 -4453 -7969 -4453
6443 -5071 6443 -5071
-1203 3549 -3233 -839
-5243 -7609 -3612 7245
-1253 9552 -1253 9552
4386 3414 -1918 6295
-4087 8746 -9650 8746
8679 8151 8679 8151
3839 -79 3839 2689
5510 8982 -1847 8982
883 1890 883 1890
9892 -7073 9892 4035
-9609 -2641 -9609 7129
6238 9993 -8754 9993
-1465 -1064 -1465 5806
-5257 8043 -5257 5910
9383 -7752 -5395 -7752
5766 -7351 -6079 -1914
-3180 8387 -3180 8387
-1801 -1614 5499 4887
-986 6010 5254 -8501
-1781 -2332 -1781 -2332
8491 5211 8491 1128
3376 8987 3376 -9981
-9575 -8236 -9575 -8236
-1014 6257 -1014 7608
-4144 -1335 -4144 -1335
3181 -2088 3181 -2088
-3958 -7878 9796 7270