14,15,16,17,18,18,18,19,19,19,19,20
15,16,17,18,19,20,21,21,22,23,24
15,16,17,18,18,18,19
5,6,6,7,7,8,9,10,11
1,2,3,4
15,15,16,17,18,18,19,19,19,19,20,21,22
6,7,8,9,9,9,9,10,10,11,12,13
8,9,10,11,12,13,14
7,8,9,10,11,12,13,14,14,15,16
13,13,14,15,16,16,17,17,18,19,19,20,20
15,16,16,17,17,17,18,18,19
9,9,10,11,11,12,13,13,14,14,14
7,8,8,8,8,9,10,11,12,12,13
2,3,4,5,5
15,16,17,18,18,19,19,20,20,20
13,14,14,15,16,17,18,19
2,2,2,2,2
9,10,10,11,12,13,14,15,16,17,18
8,9,9,10,10,11,12,13,14,15
1,1,1,2,2,3,3,4,4